train= 98.591549
test= 93.006993